附件二


[印章：無法辨識]

[無法辨識]法院刑事第一審案件觸犯刑法第309條第1項之被告裁判結果

單位：件、人

年 | 終結件數（件） | 被告人數（人） | 科刑情形：計 | 六月以下 | 拘役 | 罰金 | 免除其刑 | 無罪 | 不受理 | 免訴 | 撤回 | 其他（通緝、管轄錯誤、駁回等）
總計 | 12,198 | 13,996 | 8,912 | 2 | 3,629 | 5,281 | 3 | 460 | 4,537 | 6 | 22 | 56
10901~10 | 1,603 | 1,827 | 1,199 |  | 389 | 810 |  | 54 | 563 | 1 | 2 | 8
| 1,639 | 1,832 | 1,203 | 1 | 469 | 733 |  | 53 | 567 | 1 | 4 | 4
| 1,702 | 1,944 | 1,253 |  | 497 | 756 | 1 | 48 | 627 | 1 | 6 | 8
| 1,474 | 1,678 | 1,096 |  | 466 | 630 |  | 53 | 521 |  | 2 | 6
| 1,217 | 1,392 | 883 |  | 355 | 528 |  | 54 | 447 | 1 | 1 | 6
| 1,104 | 1,280 | 794 |  | 330 | 464 |  | 57 | 419 | 1 | 1 | 8
| 1,145 | 1,322 | 821 |  | 373 | 448 |  | 46 | 450 |  |  | 5
| 1,155 | 1,363 | 858 |  | 386 | 472 | 1 | 46 | 455 |  | 2 | 1
| 1,159 | 1,358 | 805 | 1 | 364 | 440 | 1 | 49 | 488 | 1 | 4 | 10

資料來源：台灣高等法院彙總統計系統
註：(1)終結件數係依全案罪名為妨害名譽罪且被告最重罪為妨害名譽罪並觸犯刑法309條第1項統計。
　　(2)被告人數係依被告最重罪為妨害名譽罪並觸犯刑法309條第1項統計。
　　(3)本表資料包含全國各地方法院（含連江、金門地院）。
　　(4)本表不受理，係指裁判書之裁判結果為不受理，無法確認是否全因被告撤回告訴而為不受理判決。

另說明：
　　1.有關101至108年，經檢察官起訴或自訴進入法院之刑法309條第1項案件總數，因系統新收案件僅有案由資料，未有針對起訴法條蒐集，爰無法提供是項資料。
　　2.有關101至108年，經當事人提起告訴而進入地檢署偵查之刑法第309條第1項案件總數，其聲請簡易判決處刑、起訴、緩起訴、職權不起訴、不起訴之數量……。因本項係屬法務部蒐集資料，本室無相關數字可資提供。
