2022/9/5 上午11:20　　　　　　　　　Facebook

facebook

族各有山原與平原的被區分。當中的人數排序，如附圖所示依次為阿美（215,823）、排灣（21,872）、卑南（14,858）、賽夏（4,562）、魯凱（2,679）……。簡化計算，就把人數直接當成參政權人（選民）數。

然後再回頭看看，現任的中央到地方「平原」民代的族群別分布。那麼在前述論者的邏輯下，是不是215,823的阿美族也「衝擊」了其他平地原住民的參政權呢？

Ingay母源於花蓮Fata'an（馬太鞍部落）的Pangcah/Amis阿美族，入陣後從未囿於族別限制、山平原限制、甚至原與非原分界，戮力履行直轄市議員的法定職責。以上自陳，信或不信，大可受公評。同樣的話，相信線上的各縣市同事也會這麼講。

那不就得了？如果既得利益的族群會這麼自清，那麼就算被98萬「衝擊」了，上位的平埔族群代表不也一樣會「跨越族別限制，為所有族人捍衛權利」？如果覺得會被壓倒性大數量族群衝擊，那又怎麼面對目前法定平原的其他族人，他們就沒有被「衝擊」嗎？

於是，我們再回頭看原民會主委這一段「若98萬平埔族群認定為『平地原住民』，恐將排擠現在58萬原住民族權利，其中衝擊最大的是現在27萬平地原住民的參政權」的理由，若還不能看出是個護食的藉口，也只能感嘆那些彼等咸認作「認知作戰」的成功有效之處，難怪政府大力宣揚「小心、統戰就在你身邊」的必要性。

據此，Ingay個人還是秉持過去在運動路徑上的價值觀，支持所有未正名的族群，早日取得自己的認同與身分。

2022年5月全台原住民分群統計

　排序　1　2　6　9　7　3　12　13　14　4　5　10　8　11　15　16
581,530　不區分山平原　217,060　104,757　14,975　6,813　13,623　93,902　1,559　1,047　823　60,740　33,322　6,718　10,851　4,804　446　390　9,700
總數　族群別　阿美　排灣　卑南　賽夏　魯凱　泰雅　噶瑪蘭　撒奇萊雅　邵　布農　太魯閣　鄒　賽德克族　雅美　拉阿魯哇　卡那卡那富　尚未申報
271,847　平地原住民　215,823　21,872　14,858　4,562　2,679　1,860　1,557　1,045　816　369　145　18　16　10　0　0　6,217
　排序　1　2　3　4　5　6　7　8　9　10　11　12　13　14　15　16
309,683　山地原住民　1,237　82,885　117　2,251　10,944　92,042　2　2　7　60,371　33,177　6,700　10,835　4,794　446　390　3,483
　排序　10　2　13　9　5　1　15　16　14　3　4　7　6　8　11　12

4則留言　14次分享

讚　留言　分享

陳小比
主要的理由恐怕是...中華民國漢人史觀被粉碎吧？這會給
中華民國既得利益者帶來災難，才是真的。

讚　回覆　9週

姜瑪紹
自我認同與否，才是無形的衝擊
[無法辨識]


https://www.facebook.com/ingay.tali.3/posts/pfbid02uUoYwE8DxRTLSpzk66cGaAA1jBEiYcKj5FTvqTcd[無法辨識]GtwdMrMgPk7KhZLaBPRI
